query,video_id
Docker Tutorial,3c-iBn73dDE
Docker Compose Tutorial,SXwC9fSwct8
Docker Course,pg19Z8LL06w
Docker Best Practices,8vXoMqWgbQQ
Volumes explained,p2PH_YPCsis
Private Repository explained,vWSRWpOPHws
Dockerfile Tutorial,WmcdMiyqfZs
Developing with Docker,6YisG2GcXaw
Overview of Workflow,YdKUkDe22RA
What is Docker?,jPdIRX6q4jA
What is a Docker Container,GeqaTjKMWeY
install docker,GeqaTjKMWeY
Debugging Docker Containers,tLK9nNFHWH8
Run Jenkins in Docker Container,pMO26j2OUME
Pull Image from Private Docker,asIS4KIs40M
